IONS
name   mass  charge  temp.(eV)  n/n0
-------------------------------------
[He+]  4.0026d0    1.   0.1      1.
[He2+]	4.0026d0   2.	0.1	 0.
-------------------------------------

NEUTRALS
name   mass  charge  temp.(eV)  n/n0
-------------------------------------
[He]  4.0026d0     0.   0.1      1.
-------------------------------------

REACTION
[e]+[He+]->[e]+[He+]
 0.    0.  
 1.    12.5
COLLISION
------------------------------------------------------------
    0.00  6.5141E-14
    0.01  6.5141E-14
    0.02  1.6285E-14
    0.03  7.2379E-15
    0.04  4.0713E-15
    0.05  2.6056E-15
    0.06  1.8095E-15
    0.07  1.3294E-15
    0.08  1.0178E-15
    0.09  8.0421E-16
    0.10  6.5141E-16
    0.20  1.6285E-16
    0.30  7.2379E-17
    0.40  4.0713E-17
    0.50  2.6056E-17
    0.60  1.8095E-17
    0.70  1.3294E-17
    0.80  1.0178E-17
    0.90  8.0421E-18
    1.00  6.5141E-18
    2.00  1.6285E-18
    3.00  7.2379E-19
    4.00  4.0713E-19
    5.00  2.6056E-19
    6.00  1.8095E-19
    7.00  1.3294E-19
    8.00  1.0178E-19
    9.00  8.0421E-20
   10.00  6.5141E-20
   11.00  5.3835E-20
   12.00  4.5237E-20
   13.00  3.8545E-20
   14.00  3.3235E-20
   15.00  2.8951E-20
   16.00  2.5446E-20
   17.00  2.2540E-20
   18.00  2.0105E-20
   19.00  1.8045E-20
   20.00  1.6285E-20
   21.00  1.4771E-20
   22.00  1.3459E-20
   23.00  1.2314E-20
   24.00  1.1309E-20
   25.00  1.0423E-20
   26.00  9.6362E-21
   27.00  8.9356E-21
   28.00  8.3088E-21
   29.00  7.7456E-21
   30.00  7.2379E-21
   31.00  6.7784E-21
   32.00  6.3614E-21
   33.00  5.9817E-21
   34.00  5.6350E-21
   35.00  5.3176E-21
   36.00  5.0263E-21
   37.00  4.7583E-21
   38.00  4.5111E-21
   39.00  4.2828E-21
   40.00  4.0713E-21
   41.00  3.8751E-21
   42.00  3.6928E-21
   43.00  3.5230E-21
   44.00  3.3647E-21
   45.00  3.2168E-21
   46.00  3.0785E-21
   47.00  2.9489E-21
   48.00  2.8273E-21
   49.00  2.7131E-21
   50.00  2.6056E-21
   51.00  2.5045E-21
   52.00  2.4091E-21
   53.00  2.3190E-21
   54.00  2.2339E-21
   55.00  2.1534E-21
   56.00  2.0772E-21
   57.00  2.0050E-21
   58.00  1.9364E-21
   59.00  1.8713E-21
   60.00  1.8095E-21
   61.00  1.7506E-21
   62.00  1.6946E-21
   63.00  1.6412E-21
   64.00  1.5904E-21
   65.00  1.5418E-21
   66.00  1.4954E-21
   67.00  1.4511E-21
   68.00  1.4088E-21
   69.00  1.3682E-21
   70.00  1.3294E-21
   71.00  1.2922E-21
   72.00  1.2566E-21
   73.00  1.2224E-21
   74.00  1.1896E-21
   75.00  1.1581E-21
   76.00  1.1278E-21
   77.00  1.0987E-21
   78.00  1.0707E-21
   79.00  1.0438E-21
   80.00  1.0178E-21
   81.00  9.9285E-22
   82.00  9.6878E-22
   83.00  9.4558E-22
   84.00  9.2320E-22
   85.00  9.0160E-22
   86.00  8.8076E-22
   87.00  8.6063E-22
   88.00  8.4118E-22
   89.00  8.2238E-22
   90.00  8.0421E-22
   91.00  7.8663E-22
   92.00  7.6962E-22
   93.00  7.5316E-22
   94.00  7.3722E-22
   95.00  7.2178E-22
   96.00  7.0682E-22
   97.00  6.9232E-22
   98.00  6.7827E-22
   99.00  6.6463E-22
  100.00  6.5141E-22
  200.00  1.6285E-22
  300.00  7.2379E-23
  400.00  4.0713E-23
  500.00  2.6056E-23
  600.00  1.8095E-23
  700.00  1.3294E-23
  800.00  1.0178E-23
  900.00  8.0421E-24
 1000.00  6.5141E-24
 1100.00  5.3835E-24
 1200.00  4.5237E-24
------------------------------------------------------------

REACTION
[e]+[He]->[e]+[He]
 0.    0.  
 1.    1.
COLLISION
Elastic Momentum Transfer.
Updated: 2013-04-19 14:58:11
Energy (eV) | Cross section (m2)
-----------------------------
 0.000000e+0	4.903500e-20
 1.000000e-4	4.903500e-20
 3.514000e-2	5.501140e-20
 7.152000e-2	5.747600e-20
 1.091700e-1	5.896700e-20
 1.481500e-1	6.033850e-20
 1.885000e-1	6.137000e-20
 2.302700e-1	6.226590e-20
 2.735000e-1	6.307600e-20
 3.182600e-1	6.375560e-20
 3.645800e-1	6.440420e-20
 4.621800e-1	6.552180e-20
 5.667500e-1	6.636730e-20
 6.788000e-1	6.715160e-20
 8.620900e-1	6.801040e-20
 1.137960e+0	6.891390e-20
 1.540970e+0	6.962730e-20
 2.981070e+0	6.892650e-20
 3.265800e+0	6.818230e-20
 3.570880e+0	6.735860e-20
 3.897790e+0	6.647600e-20
 4.248070e+0	6.543100e-20
 4.623410e+0	6.426740e-20
 5.025600e+0	6.302070e-20
 5.237350e+0	6.236420e-20
 5.456540e+0	6.168470e-20
 5.683440e+0	6.098130e-20
 5.918310e+0	6.025320e-20
 6.161430e+0	5.948340e-20
 6.413100e+0	5.867810e-20
 6.673610e+0	5.784440e-20
 6.943280e+0	5.698150e-20
 7.222430e+0	5.606600e-20
 7.511380e+0	5.511240e-20
 7.810490e+0	5.412540e-20
 8.120110e+0	5.311570e-20
 8.440610e+0	5.209010e-20
 8.772370e+0	5.102840e-20
 9.115790e+0	4.994100e-20
 9.471290e+0	4.883900e-20
 9.839270e+0	4.769830e-20
 1.022018e+1	4.658350e-20
 1.061449e+1	4.547940e-20
 1.102264e+1	4.433430e-20
 1.144515e+1	4.310910e-20
 1.188250e+1	4.184080e-20
 1.233521e+1	4.082960e-20
 1.280384e+1	3.989230e-20
 1.328894e+1	3.892210e-20
 1.379108e+1	3.791780e-20
 1.431087e+1	3.687820e-20
 1.484893e+1	3.580210e-20
 1.540590e+1	3.468820e-20
 1.598244e+1	3.353510e-20
 1.657924e+1	3.236270e-20
 1.719701e+1	3.129190e-20
 1.783649e+1	3.018340e-20
 1.849845e+1	2.887820e-20
 1.918366e+1	2.747350e-20
 1.989296e+1	2.601940e-20
 2.062719e+1	2.507250e-20
 2.138721e+1	2.419080e-20
 2.217395e+1	2.327820e-20
 2.298833e+1	2.233350e-20
 2.383133e+1	2.135570e-20
 2.470396e+1	2.034340e-20
 2.560725e+1	1.951420e-20
 2.654229e+1	1.876620e-20
 2.751018e+1	1.799190e-20
 2.851209e+1	1.719030e-20
 2.954921e+1	1.636060e-20
 3.062278e+1	1.566370e-20
 3.173407e+1	1.506360e-20
 3.288442e+1	1.444240e-20
 3.407519e+1	1.379940e-20
 3.530781e+1	1.313380e-20
 3.658374e+1	1.244480e-20
 3.790451e+1	1.173160e-20
 3.927170e+1	1.099330e-20
 4.068694e+1	1.040080e-20
 4.215191e+1	9.975950e-21
 4.366836e+1	9.536180e-21
 4.523810e+1	9.080950e-21
 4.686301e+1	8.609730e-21
 4.854502e+1	8.121940e-21
 5.028614e+1	7.642770e-21
 5.208844e+1	7.282310e-21
 5.395409e+1	6.909180e-21
 5.588529e+1	6.522940e-21
 5.788437e+1	6.123130e-21
 5.995369e+1	5.709260e-21
 6.209573e+1	5.469470e-21
 6.431306e+1	5.225560e-21
 6.660830e+1	4.973090e-21
 6.898420e+1	4.711740e-21
 7.144360e+1	4.426770e-21
 7.398942e+1	4.121270e-21
 7.662471e+1	3.902520e-21
 7.935261e+1	3.738840e-21
 8.217638e+1	3.547650e-21
 8.509938e+1	3.343040e-21
 8.812509e+1	3.131240e-21
 9.125714e+1	2.949710e-21
 9.449926e+1	2.820030e-21
 9.785531e+1	2.685790e-21
 1.013293e+2	2.565970e-21
 1.049254e+2	2.473910e-21
 1.086478e+2	2.378620e-21
 1.125011e+2	2.279970e-21
 1.164898e+2	2.177860e-21
 1.206186e+2	2.072160e-21
 1.248925e+2	1.962750e-21
 1.293167e+2	1.849490e-21
 1.338963e+2	1.732250e-21
 1.386368e+2	1.610900e-21
 1.435440e+2	1.485270e-21
 1.486236e+2	1.355240e-21
 1.538817e+2	1.280410e-21
 1.593245e+2	1.224890e-21
 1.649587e+2	1.167420e-21
 1.707908e+2	1.107930e-21
 1.768279e+2	1.046350e-21
 1.830772e+2	9.826130e-22
 1.895461e+2	9.166300e-22
 1.962423e+2	8.483290e-22
 2.031738e+2	8.009550e-22
 2.103489e+2	7.805060e-22
 2.177762e+2	7.593380e-22
 2.254644e+2	7.374260e-22
 2.334229e+2	7.147450e-22
 2.416610e+2	6.912660e-22
 2.501886e+2	6.669620e-22
 2.590160e+2	6.418050e-22
 2.681535e+2	6.157630e-22
 2.776121e+2	5.888050e-22
 2.874031e+2	5.609010e-22
 2.975383e+2	5.320160e-22
 3.080295e+2	5.021160e-22
 3.188895e+2	4.711650e-22
 3.301311e+2	4.391260e-22
 3.417678e+2	4.059620e-22
 3.538134e+2	3.716320e-22
 3.662823e+2	3.360950e-22
 3.791894e+2	2.993100e-22
 3.925501e+2	2.612320e-22
 4.063803e+2	2.361720e-22
 4.206965e+2	2.275820e-22
 4.355158e+2	2.186900e-22
 4.508559e+2	2.094860e-22
 4.667351e+2	1.999590e-22
 4.831724e+2	1.900970e-22
 5.001872e+2	1.798880e-22
 5.178000e+2	1.693200e-22
 5.360318e+2	1.583810e-22
 5.549043e+2	1.470570e-22
 5.744399e+2	1.353360e-22
 5.946621e+2	1.232030e-22
 6.155950e+2	1.171930e-22
 6.372635e+2	1.132930e-22
 6.596934e+2	1.092550e-22
 6.829117e+2	1.050760e-22
 7.069458e+2	1.007500e-22
 7.318245e+2	9.627160e-23
 7.575776e+2	9.163600e-23
 7.842356e+2	8.683760e-23
 8.118305e+2	8.187050e-23
 8.403951e+2	7.672890e-23
 8.699636e+2	7.140660e-23
 9.005711e+2	6.589720e-23
 9.322543e+2	6.019420e-23
 9.650509e+2	5.429080e-23
-----------------------------

REACTION
[He+]+[He]->[He]+[He+]
 0.    0.  
 1.    1.
CHARGEEXCHANGE
SPECIES: He^+ / He
PROCESS: He+ + He -> , Backscat
PARAM.:  Mi = 4.0026, Mi/M = 1, complete set
COMMENT: He+ in He: Phelps, private communication. Qb =
COMMENT: 1E-19*(Erel/1000)^(-0.15)*[1+Erel/1000]^(-0.25)*[1+5/Erel]^(-0.15)
COMMENT: 1E-19*(col(A)/1000)^(-0.15)*(1+col(A)/1000)^(-0.25)*(1+5/col(A))^(-0.15).
Updated: 2011-10-30 07:03:24
Energy (eV) | Cross section (m2)
-----------------------------
 0.000000e+0	2.213880e-19
 1.000000e-4	2.213880e-19
 1.200000e-4	2.213870e-19
 1.400000e-4	2.213870e-19
 1.600000e-4	2.213870e-19
 1.900000e-4	2.213870e-19
 2.200000e-4	2.213870e-19
 2.600000e-4	2.213860e-19
 3.100000e-4	2.213860e-19
 3.700000e-4	2.213860e-19
 4.400000e-4	2.213850e-19
 5.200000e-4	2.213850e-19
 6.200000e-4	2.213840e-19
 7.400000e-4	2.213830e-19
 8.800000e-4	2.213820e-19
 1.000000e-3	2.213820e-19
 1.200000e-3	2.213800e-19
 1.400000e-3	2.213790e-19
 1.600000e-3	2.213780e-19
 1.900000e-3	2.213750e-19
 2.200000e-3	2.213730e-19
 2.600000e-3	2.213710e-19
 3.100000e-3	2.213670e-19
 3.700000e-3	2.213630e-19
 4.400000e-3	2.213590e-19
 5.200000e-3	2.213530e-19
 6.200000e-3	2.213470e-19
 7.400000e-3	2.213390e-19
 8.800000e-3	2.213290e-19
 1.000000e-2	2.213210e-19
 1.200000e-2	2.213080e-19
 1.400000e-2	2.212950e-19
 1.600000e-2	2.212810e-19
 1.900000e-2	2.212610e-19
 2.200000e-2	2.212410e-19
 2.600000e-2	2.212150e-19
 3.100000e-2	2.211810e-19
 3.700000e-2	2.211410e-19
 4.400000e-2	2.210950e-19
 5.200000e-2	2.210420e-19
 6.200000e-2	2.209760e-19
 7.400000e-2	2.208970e-19
 8.800000e-2	2.208050e-19
 1.000000e-1	2.207260e-19
 1.200000e-1	2.205950e-19
 1.400000e-1	2.204650e-19
 1.600000e-1	2.203360e-19
 1.900000e-1	2.201430e-19
 2.200000e-1	2.199510e-19
 2.600000e-1	2.196970e-19
 3.100000e-1	2.193830e-19
 3.700000e-1	2.190100e-19
 4.400000e-1	2.185810e-19
 5.200000e-1	2.180990e-19
 6.200000e-1	2.175070e-19
 7.400000e-1	2.168120e-19
 8.800000e-1	2.160220e-19
 1.000000e+0	2.153620e-19
 1.200000e+0	2.142950e-19
 1.400000e+0	2.132660e-19
 1.600000e+0	2.122730e-19
 1.900000e+0	2.108470e-19
 2.200000e+0	2.094890e-19
 2.600000e+0	2.077760e-19
 3.100000e+0	2.057740e-19
 3.700000e+0	2.035500e-19
 4.400000e+0	2.011660e-19
 5.200000e+0	1.986770e-19
 6.200000e+0	1.958600e-19
 7.400000e+0	1.928350e-19
 8.800000e+0	1.897000e-19
 1.000000e+1	1.872860e-19
 1.200000e+1	1.837120e-19
 1.400000e+1	1.805830e-19
 1.600000e+1	1.778050e-19
 1.900000e+1	1.741510e-19
 2.200000e+1	1.709750e-19
 2.600000e+1	1.673050e-19
 3.100000e+1	1.633950e-19
 3.700000e+1	1.594290e-19
 4.400000e+1	1.555230e-19
 5.200000e+1	1.517450e-19
 6.200000e+1	1.477600e-19
 7.400000e+1	1.437490e-19
 8.800000e+1	1.398200e-19
 1.000000e+2	1.369220e-19
 1.200000e+2	1.327880e-19
 1.400000e+2	1.292910e-19
 1.600000e+2	1.262590e-19
 1.900000e+2	1.223510e-19
 2.200000e+2	1.190100e-19
 2.600000e+2	1.151920e-19
 3.100000e+2	1.111570e-19
 3.700000e+2	1.070820e-19
 4.400000e+2	1.030750e-19
 5.200000e+2	9.920080e-20
 6.200000e+2	9.511290e-20
 7.400000e+2	9.099960e-20
 8.800000e+2	8.697990e-20
 1.000000e+3	8.402680e-20
 1.200000e+3	7.984470e-20
 1.400000e+3	7.634770e-20
 1.600000e+3	7.335600e-20
 1.900000e+3	6.956910e-20
 2.100000e+3	6.740180e-20
 2.600000e+3	6.288590e-20
 3.100000e+3	5.929180e-20
 3.700000e+3	5.580300e-20
 4.400000e+3	5.251820e-20
 5.200000e+3	4.948110e-20
 6.200000e+3	4.642540e-20
 7.400000e+3	4.350120e-20
 8.800000e+3	4.078350e-20
 1.000000e+4	3.887040e-20
-----------------------------

REACTION
[He+]+[He]->[He+]+[He]
 0.    0.  
 1.    1.
COLLISION
PROCESS: He+ + He -> , Isotropic
PARAM.:  Mi = 4.0026, Mi/M = 1, complete set
COMMENT: He+ in He: Phelps, private communication. Qi = 7.63E-20*(Erel)^(-0.5)
COMMENT: 7.63E-20*(col(A))^(-0.5).
Updated: 2011-10-30 07:03:24
Energy (eV) | Cross section (m2)
-----------------------------
 0.000000e+0	7.630000e-18
 1.000000e-4	7.630000e-18
 1.200000e-4	6.965210e-18
 1.400000e-4	6.448530e-18
 1.600000e-4	6.032040e-18
 1.900000e-4	5.535380e-18
 2.200000e-4	5.144140e-18
 2.600000e-4	4.731930e-18
 3.100000e-4	4.333550e-18
 3.700000e-4	3.966650e-18
 4.400000e-4	3.637460e-18
 5.200000e-4	3.345980e-18
 6.200000e-4	3.064280e-18
 7.400000e-4	2.804840e-18
 8.800000e-4	2.572070e-18
 1.000000e-3	2.412820e-18
 1.200000e-3	2.202590e-18
 1.400000e-3	2.039200e-18
 1.600000e-3	1.907500e-18
 1.900000e-3	1.750440e-18
 2.200000e-3	1.626720e-18
 2.600000e-3	1.496370e-18
 3.100000e-3	1.370390e-18
 3.700000e-3	1.254360e-18
 4.400000e-3	1.150270e-18
 5.200000e-3	1.058090e-18
 6.200000e-3	9.690110e-19
 7.400000e-3	8.869690e-19
 8.800000e-3	8.133610e-19
 1.000000e-2	7.630000e-19
 1.200000e-2	6.965210e-19
 1.400000e-2	6.448530e-19
 1.600000e-2	6.032040e-19
 1.900000e-2	5.535380e-19
 2.200000e-2	5.144140e-19
 2.600000e-2	4.731930e-19
 3.100000e-2	4.333550e-19
 3.700000e-2	3.966650e-19
 4.400000e-2	3.637460e-19
 5.200000e-2	3.345980e-19
 6.200000e-2	3.064280e-19
 7.400000e-2	2.804840e-19
 8.800000e-2	2.572070e-19
 1.000000e-1	2.412820e-19
 1.200000e-1	2.202590e-19
 1.400000e-1	2.039200e-19
 1.600000e-1	1.907500e-19
 1.900000e-1	1.750440e-19
 2.200000e-1	1.626720e-19
 2.600000e-1	1.496370e-19
 3.100000e-1	1.370390e-19
 3.700000e-1	1.254360e-19
 4.400000e-1	1.150270e-19
 5.200000e-1	1.058090e-19
 6.200000e-1	9.690110e-20
 7.400000e-1	8.869690e-20
 8.800000e-1	8.133610e-20
 1.000000e+0	7.630000e-20
 1.200000e+0	6.965210e-20
 1.400000e+0	6.448530e-20
 1.600000e+0	6.032040e-20
 1.900000e+0	5.535380e-20
 2.200000e+0	5.144140e-20
 2.600000e+0	4.731930e-20
 3.100000e+0	4.333550e-20
 3.700000e+0	3.966650e-20
 4.400000e+0	3.637460e-20
 5.200000e+0	3.345980e-20
 6.200000e+0	3.064280e-20
 7.400000e+0	2.804840e-20
 8.800000e+0	2.572070e-20
 1.000000e+1	2.412820e-20
 1.200000e+1	2.202590e-20
 1.400000e+1	2.039200e-20
 1.600000e+1	1.907500e-20
 1.900000e+1	1.750440e-20
 2.200000e+1	1.626720e-20
 2.600000e+1	1.496370e-20
 3.100000e+1	1.370390e-20
 3.700000e+1	1.254360e-20
 4.400000e+1	1.150270e-20
 5.200000e+1	1.058090e-20
 6.200000e+1	9.690110e-21
 7.400000e+1	8.869690e-21
 8.800000e+1	8.133610e-21
 1.000000e+2	7.630000e-21
 1.200000e+2	6.965210e-21
 1.400000e+2	6.448530e-21
 1.600000e+2	6.032040e-21
 1.900000e+2	5.535380e-21
 2.200000e+2	5.144140e-21
 2.600000e+2	4.731930e-21
 3.100000e+2	4.333550e-21
 3.700000e+2	3.966650e-21
 4.400000e+2	3.637460e-21
 5.200000e+2	3.345980e-21
 6.200000e+2	3.064280e-21
 7.400000e+2	2.804840e-21
 8.800000e+2	2.572070e-21
 1.000000e+3	2.412820e-21
 1.200000e+3	2.202590e-21
 1.400000e+3	2.039200e-21
 1.600000e+3	1.907500e-21
 1.900000e+3	1.750440e-21
 2.100000e+3	1.665000e-21
 2.600000e+3	1.496370e-21
 3.100000e+3	1.370390e-21
 3.700000e+3	1.254360e-21
 4.400000e+3	1.150270e-21
 5.200000e+3	1.058090e-21
 6.200000e+3	9.690110e-22
 7.400000e+3	8.869690e-22
 8.800000e+3	8.133610e-22
 1.000000e+4	7.630000e-22
-----------------------------


REACTION
[e]+[He]->[e]+[He2+]+[e]+[e]
 7.900520e+01	0.
 1.	1.
IONIZATION
-----------------------------
 7.900520e+01	0.000000e+00
 7.984000e+01	4.819000e-26
 8.665000e+01	2.651000e-24
 9.404000e+01	5.060000e-24
 1.063000e+02	7.904000e-24
 1.227000e+02	1.017000e-23
 1.359000e+02	1.152000e-23
 1.506000e+02	1.243000e-23
 1.738000e+02	1.311000e-23
 2.089000e+02	1.330000e-23
 2.564000e+02	1.311000e-23
 3.278000e+02	1.243000e-23
 4.190000e+02	1.142000e-23
 5.467000e+02	1.017000e-23
 8.403000e+02	8.096000e-24
 1.318000e+03	6.072000e-24
 2.068000e+03	4.578000e-24
 3.450000e+03	3.181000e-24
 6.119000e+03	2.072000e-24
 1.253000e+04	1.253000e-24
 2.726000e+04	6.747000e-25
 6.573000e+04	3.373000e-25
 1.491000e+05	1.928000e-25
 3.521000e+05	9.639000e-26
 1.000000e+06	4.819000e-26
-----------------------------



REACTION
[e]+[He+]->[e]+[He2+]+[e]
 5.441780e+01	0.
 1.	1.
IONIZATION
--------------------
 5.441780e+01	0.000000e+00
 5.450000e+01	4.210000e-24
 5.510000e+01	1.220000e-23
 5.680000e+01	3.160000e-23
 5.970000e+01	8.500000e-23
 6.340000e+01	1.350000e-22
 7.020000e+01	1.910000e-22
 7.690000e+01	2.370000e-22
 8.590000e+01	2.880000e-22
 9.600000e+01	3.360000e-22
 1.100000e+02	3.700000e-22
 1.270000e+02	4.080000e-22
 1.450000e+02	4.320000e-22
 1.700000e+02	4.500000e-22
 2.060000e+02	4.500000e-22
 2.450000e+02	4.410000e-22
 2.940000e+02	4.160000e-22
 3.530000e+02	3.850000e-22
 4.150000e+02	3.630000e-22
 5.180000e+02	3.230000e-22
 6.470000e+02	2.930000e-22
 8.500000e+02	2.460000e-22
 1.190000e+03	1.950000e-22
 1.570000e+03	1.610000e-22
 2.130000e+03	1.270000e-22
 3.250000e+03	9.180000e-23
 4.450000e+03	6.860000e-23
 6.220000e+03	5.130000e-23
 8.170000e+03	4.070000e-23
 1.020000e+04	3.220000e-23
--------------------



REACTION
[e]+[He]->[e]+[He]
 1.981961e+01	0.
 1.	1.
EXCITATION
--------------------
1.981961e+01	0.000000e+00
2.110558e+01	3.596232e-22
2.247498e+01	3.288216e-22
2.393324e+01	2.975839e-22
2.548611e+01	2.671663e-22
2.713973e+01	2.383524e-22
2.890065e+01	2.115918e-22
3.077582e+01	1.871006e-22
3.277266e+01	1.649365e-22
3.489907e+01	1.450521e-22
3.716344e+01	1.273340e-22
3.957473e+01	1.116304e-22
4.214247e+01	9.777024e-23
4.487682e+01	8.557628e-23
4.778858e+01	7.487404e-23
5.088927e+01	6.549724e-23
5.419114e+01	5.729111e-23
5.770725e+01	5.011410e-23
6.145149e+01	4.383851e-23
6.543868e+01	3.835032e-23
6.968456e+01	3.354867e-23
7.420594e+01	2.934495e-23
7.902067e+01	2.566176e-23
8.414780e+01	2.243185e-23
8.960760e+01	1.959700e-23
9.542165e+01	1.710694e-23
1.016129e+02	1.491839e-23
1.082059e+02	1.299407e-23
1.152267e+02	1.130188e-23
1.227030e+02	9.814124e-24
1.306644e+02	8.506837e-24
1.391424e+02	7.359198e-24
1.481704e+02	6.353015e-24
1.577842e+02	5.472305e-24
1.680218e+02	4.702933e-24
1.789236e+02	4.032329e-24
1.905328e+02	3.449258e-24
2.028952e+02	2.943634e-24
2.160597e+02	2.506384e-24
2.300784e+02	2.129336e-24
2.450067e+02	1.805130e-24
2.609036e+02	1.527153e-24
2.778319e+02	1.289475e-24
2.958586e+02	1.086801e-24
3.150549e+02	9.144212e-25
3.354967e+02	7.681650e-25
3.572649e+02	6.443590e-25
3.804455e+02	5.397819e-25
4.051301e+02	4.516228e-25
4.314163e+02	3.774406e-25
4.594081e+02	3.151243e-25
4.892161e+02	2.628562e-25
5.209581e+02	2.190770e-25
5.547596e+02	1.824545e-25
5.907543e+02	1.518535e-25
6.290845e+02	1.263101e-25
6.699017e+02	1.050080e-25
7.133672e+02	8.725760e-26
7.596529e+02	7.247745e-26
8.089418e+02	6.017861e-26
8.614287e+02	4.995043e-26
9.173211e+02	4.144868e-26
9.768401e+02	3.438518e-26
1.040221e+03	2.851898e-26
1.107714e+03	2.364887e-26
1.179586e+03	1.960700e-26
1.256122e+03	1.625343e-26
1.337623e+03	1.347164e-26
1.424413e+03	1.116463e-26
1.516834e+03	9.251743e-27
1.615251e+03	7.665901e-27
1.720054e+03	6.351384e-27
1.831657e+03	5.261910e-27
1.950501e+03	4.359054e-27
2.077056e+03	3.610922e-27
2.211823e+03	2.991053e-27
2.355334e+03	2.477495e-27
2.508156e+03	2.052042e-27
2.670893e+03	1.699601e-27
2.844190e+03	1.407655e-27
3.028731e+03	1.165831e-27
3.225245e+03	9.655321e-28
3.434510e+03	7.996327e-28
3.657353e+03	6.622290e-28
3.894655e+03	5.484292e-28
4.147353e+03	4.541803e-28
4.416448e+03	3.761250e-28
4.703002e+03	3.114820e-28
5.008149e+03	2.579472e-28
5.333095e+03	2.136124e-28
5.679124e+03	1.768968e-28
6.047605e+03	1.464914e-28
6.439995e+03	1.213117e-28
6.857844e+03	1.004599e-28
7.302804e+03	8.319196e-29
7.776635e+03	6.889212e-29
8.281210e+03	5.705020e-29
8.818523e+03	4.724376e-29
9.390699e+03	3.912294e-29
1.000000e+04	3.239801e-29
--------------------

REACTION
[e]+[He]->[e]+[He]
 2.061577e+01	0.
 1.	1.
EXCITATION
--------------------
2.061577e+01	0.000000e+00
2.194467e+01	2.214401e-22
2.335922e+01	2.275202e-22
2.486495e+01	2.306086e-22
2.646774e+01	2.312298e-22
2.817385e+01	2.298384e-22
2.998993e+01	2.268276e-22
3.192308e+01	2.225366e-22
3.398083e+01	2.172576e-22
3.617123e+01	2.112410e-22
3.850283e+01	2.047011e-22
4.098472e+01	1.978195e-22
4.362659e+01	1.907496e-22
4.643875e+01	1.836193e-22
4.943219e+01	1.765339e-22
5.261858e+01	1.695784e-22
5.601037e+01	1.628196e-22
5.962079e+01	1.563082e-22
6.346394e+01	1.500797e-22
6.755481e+01	1.441567e-22
7.190939e+01	1.385503e-22
7.654466e+01	1.332609e-22
8.147872e+01	1.282805e-22
8.673083e+01	1.235939e-22
9.232148e+01	1.191802e-22
9.827252e+01	1.150142e-22
1.046071e+02	1.110686e-22
1.113501e+02	1.073147e-22
1.185277e+02	1.037240e-22
1.261680e+02	1.002696e-22
1.343008e+02	9.692683e-23
1.429578e+02	9.367416e-23
1.521728e+02	9.049346e-23
1.619819e+02	8.737034e-23
1.724232e+02	8.429408e-23
1.835376e+02	8.125743e-23
1.953684e+02	7.825631e-23
2.079618e+02	7.528933e-23
2.213670e+02	7.235731e-23
2.356363e+02	6.946284e-23
2.508254e+02	6.660973e-23
2.669936e+02	6.380260e-23
2.842040e+02	6.104653e-23
3.025237e+02	5.834667e-23
3.220243e+02	5.570804e-23
3.427820e+02	5.313532e-23
3.648777e+02	5.063269e-23
3.883976e+02	4.820376e-23
4.134337e+02	4.585151e-23
4.400836e+02	4.357826e-23
4.684513e+02	4.138571e-23
4.986477e+02	3.927493e-23
5.307904e+02	3.724644e-23
5.650051e+02	3.530021e-23
6.014253e+02	3.343576e-23
6.401931e+02	3.165219e-23
6.814598e+02	2.994822e-23
7.253866e+02	2.832231e-23
7.721450e+02	2.677263e-23
8.219173e+02	2.529715e-23
8.748980e+02	2.389367e-23
9.312939e+02	2.255989e-23
9.913249e+02	2.129337e-23
1.055226e+03	2.009166e-23
1.123245e+03	1.895224e-23
1.195650e+03	1.787259e-23
1.272721e+03	1.685018e-23
1.354760e+03	1.588253e-23
1.442088e+03	1.496717e-23
1.535045e+03	1.410170e-23
1.633994e+03	1.328375e-23
1.739321e+03	1.251103e-23
1.851437e+03	1.178132e-23
1.970781e+03	1.109247e-23
2.097817e+03	1.044240e-23
2.233042e+03	9.829117e-24
2.376984e+03	9.250699e-24
2.530204e+03	8.705307e-24
2.693300e+03	8.191182e-24
2.866910e+03	7.706639e-24
3.051711e+03	7.250072e-24
3.248424e+03	6.819951e-24
3.457817e+03	6.414818e-24
3.680707e+03	6.033285e-24
3.917965e+03	5.674035e-24
4.170517e+03	5.335815e-24
4.439348e+03	5.017440e-24
4.725507e+03	4.717782e-24
5.030113e+03	4.435775e-24
5.354353e+03	4.170410e-24
5.699494e+03	3.920729e-24
6.066883e+03	3.685830e-24
6.457954e+03	3.464856e-24
6.874233e+03	3.257001e-24
7.317345e+03	3.061500e-24
7.789020e+03	2.877634e-24
8.291099e+03	2.704722e-24
8.825542e+03	2.542122e-24
9.394436e+03	2.389228e-24
1.000000e+04	2.245469e-24
--------------------

REACTION
[e]+[He]->[e]+[He]
 2.096413e+01	0.
 1.	1.
EXCITATION
--------------------
2.096413e+01	0.000000e+00
2.231170e+01	1.447016e-22
2.374589e+01	2.019817e-22
2.527227e+01	2.334508e-22
2.689677e+01	2.467597e-22
2.862568e+01	2.475720e-22
3.046574e+01	2.400504e-22
3.242406e+01	2.272269e-22
3.450827e+01	2.112854e-22
3.672646e+01	1.937773e-22
3.908722e+01	1.757836e-22
4.159974e+01	1.580392e-22
4.427376e+01	1.410255e-22
4.711966e+01	1.250402e-22
5.014850e+01	1.102497e-22
5.337203e+01	9.672782e-23
5.680277e+01	8.448470e-23
6.045404e+01	7.348769e-23
6.434001e+01	6.367668e-23
6.847577e+01	5.497514e-23
7.287737e+01	4.729786e-23
7.756191e+01	4.055638e-23
8.254757e+01	3.466264e-23
8.785370e+01	2.953143e-23
9.350091e+01	2.508187e-23
9.951113e+01	2.123830e-23
1.059077e+02	1.793073e-23
1.127154e+02	1.509495e-23
1.199607e+02	1.267255e-23
1.276717e+02	1.061070e-23
1.358785e+02	8.861872e-24
1.446127e+02	7.383628e-24
1.539083e+02	6.138228e-24
1.638015e+02	5.092321e-24
1.743306e+02	4.216598e-24
1.855366e+02	3.485450e-24
1.974628e+02	2.876624e-24
2.101557e+02	2.370894e-24
2.236644e+02	1.951740e-24
2.380415e+02	1.605040e-24
2.533427e+02	1.318786e-24
2.696275e+02	1.082813e-24
2.869591e+02	8.885572e-25
3.054048e+02	7.288311e-25
3.250361e+02	5.976268e-25
3.459294e+02	4.899391e-25
3.681656e+02	4.016103e-25
3.918312e+02	3.291967e-25
4.170180e+02	2.698526e-25
4.438238e+02	2.212311e-25
4.723527e+02	1.814004e-25
5.027154e+02	1.487727e-25
5.350298e+02	1.220444e-25
5.694213e+02	1.001465e-25
6.060236e+02	8.220301e-26
6.449786e+02	6.749669e-26
6.864376e+02	5.544037e-26
7.305617e+02	4.555363e-26
7.775220e+02	3.744344e-26
8.275009e+02	3.078830e-26
8.806924e+02	2.532519e-26
9.373031e+02	2.083895e-26
9.975526e+02	1.715352e-26
1.061675e+03	1.412479e-26
1.129919e+03	1.163481e-26
1.202550e+03	9.586961e-27
1.279850e+03	7.902112e-27
1.362118e+03	6.515407e-27
1.449675e+03	5.373676e-27
1.542859e+03	4.433312e-27
1.642034e+03	3.658534e-27
1.747583e+03	3.019973e-27
1.859918e+03	2.493511e-27
1.979473e+03	2.059335e-27
2.106713e+03	1.701162e-27
2.242131e+03	1.405601e-27
2.386255e+03	1.161642e-27
2.539643e+03	9.602213e-28
2.702890e+03	7.938806e-28
2.876631e+03	6.564771e-28
3.061541e+03	5.429507e-28
3.258336e+03	4.491319e-28
3.467780e+03	3.715833e-28
3.690688e+03	3.074707e-28
3.927925e+03	2.544562e-28
4.180411e+03	2.106110e-28
4.449126e+03	1.743429e-28
4.735115e+03	1.443377e-28
5.039487e+03	1.195102e-28
5.363424e+03	9.896390e-29
5.708183e+03	8.195829e-29
6.075104e+03	6.788138e-29
6.465610e+03	5.622738e-29
6.881217e+03	4.657815e-29
7.323540e+03	3.858795e-29
7.794295e+03	3.197085e-29
8.295310e+03	2.649036e-29
8.828531e+03	2.195083e-29
9.396026e+03	1.819038e-29
1.000000e+04	1.507505e-29
--------------------

REACTION
[e]+[He]->[e]+[He]
 2.121802e+01	0.
 1.	1.
EXCITATION
--------------------
2.121802e+01	0.000000e+00
2.257917e+01	1.019653e-22
2.402763e+01	1.594788e-22
2.556901e+01	2.046062e-22
2.720927e+01	2.480093e-22
2.895475e+01	2.950004e-22
3.081221e+01	3.475282e-22
3.278882e+01	4.055332e-22
3.489223e+01	4.678560e-22
3.713058e+01	5.328297e-22
3.951252e+01	5.986535e-22
4.204726e+01	6.636160e-22
4.474461e+01	7.262166e-22
4.761499e+01	7.852216e-22
5.066950e+01	8.396774e-22
5.391997e+01	8.888978e-22
5.737895e+01	9.324386e-22
6.105983e+01	9.700639e-22
6.497684e+01	1.001712e-21
6.914512e+01	1.027460e-21
7.358080e+01	1.047494e-21
7.830104e+01	1.062085e-21
8.332407e+01	1.071557e-21
8.866934e+01	1.076275e-21
9.435751e+01	1.076627e-21
1.004106e+02	1.073008e-21
1.068519e+02	1.065814e-21
1.137065e+02	1.055432e-21
1.210008e+02	1.042234e-21
1.287631e+02	1.026574e-21
1.370233e+02	1.008786e-21
1.458134e+02	9.891803e-22
1.551673e+02	9.680438e-22
1.651214e+02	9.456402e-22
1.757140e+02	9.222100e-22
1.869861e+02	8.979711e-22
1.989813e+02	8.731201e-22
2.117460e+02	8.478332e-22
2.253296e+02	8.222677e-22
2.397845e+02	7.965630e-22
2.551668e+02	7.708423e-22
2.715358e+02	7.452135e-22
2.889549e+02	7.197710e-22
3.074915e+02	6.945962e-22
3.272172e+02	6.697596e-22
3.482082e+02	6.453209e-22
3.705459e+02	6.213309e-22
3.943165e+02	5.978317e-22
4.196121e+02	5.748581e-22
4.465303e+02	5.524382e-22
4.751754e+02	5.305941e-22
5.056581e+02	5.093427e-22
5.380962e+02	4.886962e-22
5.726152e+02	4.686625e-22
6.093487e+02	4.492463e-22
6.484386e+02	4.304487e-22
6.900361e+02	4.122683e-22
7.343022e+02	3.947012e-22
7.814079e+02	3.777416e-22
8.315355e+02	3.613817e-22
8.848787e+02	3.456124e-22
9.416440e+02	3.304231e-22
1.002051e+03	3.158026e-22
1.066333e+03	3.017382e-22
1.134738e+03	2.882170e-22
1.207532e+03	2.752253e-22
1.284996e+03	2.627490e-22
1.367428e+03	2.507738e-22
1.455149e+03	2.392850e-22
1.548498e+03	2.282679e-22
1.647834e+03	2.177078e-22
1.753543e+03	2.075898e-22
1.866034e+03	1.978994e-22
1.985741e+03	1.886218e-22
2.113126e+03	1.797428e-22
2.248684e+03	1.712482e-22
2.392938e+03	1.631240e-22
2.546446e+03	1.553565e-22
2.709801e+03	1.479323e-22
2.883636e+03	1.408384e-22
3.068622e+03	1.340619e-22
3.265475e+03	1.275905e-22
3.474956e+03	1.214121e-22
3.697876e+03	1.155147e-22
3.935096e+03	1.098871e-22
4.187533e+03	1.045182e-22
4.456165e+03	9.939729e-23
4.742029e+03	9.451393e-23
5.046232e+03	8.985813e-23
5.369949e+03	8.542022e-23
5.714433e+03	8.119085e-23
6.081016e+03	7.716102e-23
6.471115e+03	7.332202e-23
6.886239e+03	6.966552e-23
7.327994e+03	6.618344e-23
7.798087e+03	6.286806e-23
8.298337e+03	5.971193e-23
8.830678e+03	5.670790e-23
9.397169e+03	5.384909e-23
1.000000e+04	5.112891e-23
--------------------

REACTION
[e]+[He]->[e]+[He]
 2.271847e+01	0.
 1.	1.
EXCITATION
--------------------
2.271847e+01	0.000000e+00
2.415918e+01	7.408068e-23
2.569127e+01	6.760338e-23
2.732051e+01	6.250069e-23
2.905307e+01	5.756904e-23
3.089550e+01	5.265431e-23
3.285477e+01	4.780428e-23
3.493830e+01	4.310003e-23
3.715395e+01	3.861335e-23
3.951011e+01	3.439685e-23
4.201568e+01	3.048383e-23
4.468016e+01	2.689117e-23
4.751360e+01	2.362279e-23
5.052673e+01	2.067291e-23
5.373094e+01	1.802880e-23
5.713834e+01	1.567310e-23
6.076184e+01	1.358561e-23
6.461512e+01	1.174463e-23
6.871276e+01	1.012804e-23
7.307025e+01	8.713971e-24
7.770409e+01	7.481422e-24
8.263178e+01	6.410536e-24
8.787197e+01	5.482842e-24
9.344447e+01	4.681362e-24
9.937035e+01	3.990645e-24
1.056720e+02	3.396751e-24
1.123733e+02	2.887193e-24
1.194996e+02	2.450856e-24
1.270778e+02	2.077905e-24
1.351366e+02	1.759674e-24
1.437065e+02	1.488567e-24
1.528198e+02	1.257948e-24
1.625110e+02	1.062044e-24
1.728168e+02	8.958433e-25
1.837762e+02	7.550143e-25
1.954306e+02	6.358194e-25
2.078240e+02	5.350424e-25
2.210034e+02	4.499226e-25
2.350186e+02	3.780948e-25
2.499226e+02	3.175365e-25
2.657717e+02	2.665218e-25
2.826259e+02	2.235800e-25
3.005489e+02	1.874598e-25
3.196086e+02	1.570984e-25
3.398769e+02	1.315941e-25
3.614306e+02	1.101827e-25
3.843511e+02	9.221766e-26
4.087252e+02	7.715226e-26
4.346450e+02	6.452484e-26
4.622085e+02	5.394585e-26
4.915199e+02	4.508694e-26
5.226902e+02	3.767153e-26
5.558372e+02	3.146683e-26
5.910862e+02	2.627710e-26
6.285706e+02	2.193780e-26
6.684322e+02	1.831077e-26
7.108215e+02	1.528002e-26
7.558991e+02	1.274826e-26
8.038353e+02	1.063390e-26
8.548114e+02	8.868579e-27
9.090202e+02	7.395033e-27
9.666668e+02	6.165315e-27
1.027969e+03	5.139296e-27
1.093159e+03	4.283406e-27
1.162483e+03	3.569568e-27
1.236203e+03	2.974312e-27
1.314598e+03	2.478021e-27
1.397965e+03	2.064308e-27
1.486618e+03	1.719481e-27
1.580894e+03	1.432112e-27
1.681148e+03	1.192657e-27
1.787760e+03	9.931511e-28
1.901133e+03	8.269496e-28
2.021695e+03	6.885074e-28
2.149903e+03	5.731999e-28
2.286242e+03	4.771703e-28
2.431227e+03	3.972029e-28
2.585406e+03	3.306166e-28
2.749362e+03	2.751767e-28
2.923716e+03	2.290210e-28
3.109127e+03	1.905972e-28
3.306295e+03	1.586123e-28
3.515968e+03	1.319890e-28
3.738937e+03	1.098297e-28
3.976046e+03	9.138705e-29
4.228191e+03	7.603844e-29
4.496327e+03	6.326540e-29
4.781466e+03	5.263625e-29
5.084688e+03	4.379152e-29
5.407140e+03	3.643194e-29
5.750039e+03	3.030836e-29
6.114685e+03	2.521340e-29
6.502454e+03	2.097440e-29
6.914815e+03	1.744769e-29
7.353325e+03	1.451365e-29
7.819645e+03	1.207276e-29
8.315536e+03	1.004219e-29
8.842876e+03	8.352994e-30
9.403657e+03	6.947821e-30
1.000000e+04	5.778940e-30
--------------------

REACTION
[e]+[He]->[e]+[He]
 2.292032e+01	0.
 1.	1.
EXCITATION
--------------------
2.292032e+01	0.000000e+00
2.437166e+01	4.243623e-23
2.591490e+01	4.284030e-23
2.755586e+01	4.289969e-23
2.930073e+01	4.267317e-23
3.115608e+01	4.221165e-23
3.312892e+01	4.155916e-23
3.522668e+01	4.075368e-23
3.745727e+01	3.982794e-23
3.982911e+01	3.881001e-23
4.235113e+01	3.772397e-23
4.503285e+01	3.659032e-23
4.788438e+01	3.542651e-23
5.091647e+01	3.424729e-23
5.414056e+01	3.306507e-23
5.756880e+01	3.189018e-23
6.121412e+01	3.073119e-23
6.509027e+01	2.959510e-23
6.921186e+01	2.848751e-23
7.359443e+01	2.741284e-23
7.825451e+01	2.637446e-23
8.320968e+01	2.537480e-23
8.847861e+01	2.441545e-23
9.408117e+01	2.349729e-23
1.000385e+02	2.262055e-23
1.063730e+02	2.178486e-23
1.131087e+02	2.098934e-23
1.202709e+02	2.023267e-23
1.278866e+02	1.951311e-23
1.359845e+02	1.882858e-23
1.445952e+02	1.817671e-23
1.537511e+02	1.755490e-23
1.634868e+02	1.696041e-23
1.738389e+02	1.639037e-23
1.848466e+02	1.584193e-23
1.965513e+02	1.531225e-23
2.089972e+02	1.479865e-23
2.222311e+02	1.429862e-23
2.363030e+02	1.380994e-23
2.512660e+02	1.333067e-23
2.671764e+02	1.285923e-23
2.840943e+02	1.239440e-23
3.020835e+02	1.193536e-23
3.212118e+02	1.148162e-23
3.415513e+02	1.103305e-23
3.631787e+02	1.058982e-23
3.861756e+02	1.015232e-23
4.106286e+02	9.721163e-24
4.366301e+02	9.297077e-24
4.642780e+02	8.880883e-24
4.936766e+02	8.473428e-24
5.249367e+02	8.075548e-24
5.581763e+02	7.688031e-24
5.935207e+02	7.311586e-24
6.311031e+02	6.946831e-24
6.710652e+02	6.594270e-24
7.135578e+02	6.254297e-24
7.587411e+02	5.927192e-24
8.067854e+02	5.613121e-24
8.578720e+02	5.312151e-24
9.121934e+02	5.024252e-24
9.699545e+02	4.749310e-24
1.031373e+03	4.487140e-24
1.096681e+03	4.237493e-24
1.166124e+03	4.000069e-24
1.239964e+03	3.774527e-24
1.318480e+03	3.560492e-24
1.401968e+03	3.357566e-24
1.490742e+03	3.165334e-24
1.585137e+03	2.983369e-24
1.685510e+03	2.811239e-24
1.792238e+03	2.648511e-24
1.905725e+03	2.494757e-24
2.026397e+03	2.349550e-24
2.154711e+03	2.212477e-24
2.291150e+03	2.083132e-24
2.436228e+03	1.961122e-24
2.590493e+03	1.846067e-24
2.754526e+03	1.737601e-24
2.928945e+03	1.635372e-24
3.114409e+03	1.539042e-24
3.311617e+03	1.448290e-24
3.521312e+03	1.362808e-24
3.744286e+03	1.282302e-24
3.981378e+03	1.206494e-24
4.233483e+03	1.135118e-24
4.501552e+03	1.067923e-24
4.786596e+03	1.004671e-24
5.089688e+03	9.451348e-25
5.411973e+03	8.891020e-25
5.754665e+03	8.363697e-25
6.119057e+03	7.867469e-25
6.506522e+03	7.400530e-25
6.918523e+03	6.961173e-25
7.356611e+03	6.547790e-25
7.822440e+03	6.158861e-25
8.317766e+03	5.792953e-25
8.844456e+03	5.448717e-25
9.404497e+03	5.124878e-25
1.000000e+04	4.820237e-25
--------------------

REACTION
[e]+[He]->[e]+[He]
 2.300709e+01	0.
 1.	1.
EXCITATION
--------------------
2.300709e+01	0.000000e+00
2.446299e+01	3.998346e-23
2.601102e+01	4.779227e-23
2.765701e+01	5.225347e-23
2.940716e+01	5.419816e-23
3.126806e+01	5.428007e-23
3.324672e+01	5.301166e-23
3.535059e+01	5.079297e-23
3.758759e+01	4.793466e-23
3.996616e+01	4.467648e-23
4.249524e+01	4.120192e-23
4.518436e+01	3.764989e-23
4.804365e+01	3.412412e-23
5.108387e+01	3.070049e-23
5.431649e+01	2.743295e-23
5.775367e+01	2.435818e-23
6.140835e+01	2.149933e-23
6.529430e+01	1.886894e-23
6.942616e+01	1.647133e-23
7.381948e+01	1.430451e-23
7.849082e+01	1.236169e-23
8.345776e+01	1.063255e-23
8.873901e+01	9.104299e-24
9.435447e+01	7.762481e-24
1.003253e+02	6.591707e-24
1.066739e+02	5.576217e-24
1.134243e+02	4.700348e-24
1.206018e+02	3.948890e-24
1.282336e+02	3.307368e-24
1.363483e+02	2.762237e-24
1.449765e+02	2.301006e-24
1.541506e+02	1.912315e-24
1.639054e+02	1.585950e-24
1.742774e+02	1.312830e-24
1.853058e+02	1.084956e-24
1.970320e+02	8.953490e-25
2.095003e+02	7.379632e-25
2.227576e+02	6.076029e-25
2.368538e+02	4.998302e-25
2.518421e+02	4.108767e-25
2.677788e+02	3.375592e-25
2.847239e+02	2.772012e-25
3.027414e+02	2.275616e-25
3.218991e+02	1.867704e-25
3.422690e+02	1.532723e-25
3.639280e+02	1.257774e-25
3.869575e+02	1.032185e-25
4.114444e+02	8.471424e-26
4.374808e+02	6.953824e-26
4.651648e+02	5.709267e-26
4.946007e+02	4.688610e-26
5.258993e+02	3.851501e-26
5.591785e+02	3.164830e-26
5.945636e+02	2.601447e-26
6.321879e+02	2.139103e-26
6.721931e+02	1.759570e-26
7.147298e+02	1.447918e-26
7.599583e+02	1.191918e-26
8.080489e+02	9.815572e-27
8.591827e+02	8.086342e-27
9.135522e+02	6.664310e-27
9.713623e+02	5.494440e-27
1.032831e+03	4.531634e-27
1.098189e+03	3.738923e-27
1.167683e+03	3.085996e-27
1.241574e+03	2.547989e-27
1.320142e+03	2.104502e-27
1.403681e+03	1.738786e-27
1.492507e+03	1.437089e-27
1.586953e+03	1.188112e-27
1.687376e+03	9.825669e-28
1.794155e+03	8.128184e-28
1.907690e+03	6.725842e-28
2.028409e+03	5.566942e-28
2.156768e+03	4.608917e-28
2.293249e+03	3.816703e-28
2.438368e+03	3.161409e-28
2.592669e+03	2.619215e-28
2.756734e+03	2.170478e-28
2.931182e+03	1.798991e-28
3.116669e+03	1.491378e-28
3.313893e+03	1.236596e-28
3.523598e+03	1.025522e-28
3.746573e+03	8.506196e-29
3.983658e+03	7.056601e-29
4.235746e+03	5.854934e-29
4.503786e+03	4.858601e-29
4.788788e+03	4.032366e-29
5.091826e+03	3.347073e-29
5.414039e+03	2.778587e-29
5.756642e+03	2.306924e-29
6.120926e+03	1.915538e-29
6.508261e+03	1.590719e-29
6.920107e+03	1.321111e-29
7.358015e+03	1.097300e-29
7.823634e+03	9.114861e-30
8.318718e+03	7.572006e-30
8.845131e+03	6.290803e-30
9.404856e+03	5.226772e-30
1.000000e+04	4.343018e-30
--------------------

REACTION
[e]+[He]->[e]+[He]
 2.307365e+01	0.
 1.	1.
EXCITATION
--------------------
2.307365e+01	0.000000e+00
2.453305e+01	9.151436e-24
2.608475e+01	1.116906e-23
2.773460e+01	1.200657e-23
2.948880e+01	1.204895e-23
3.135395e+01	1.157628e-23
3.333707e+01	1.079000e-23
3.544563e+01	9.832882e-24
3.768755e+01	8.804190e-24
4.007126e+01	7.771166e-24
4.260575e+01	6.777661e-24
4.530054e+01	5.850626e-24
4.816578e+01	5.004968e-24
5.121224e+01	4.247155e-24
5.445139e+01	3.577886e-24
5.789542e+01	2.994050e-24
6.155727e+01	2.490152e-24
6.545074e+01	2.059342e-24
6.959047e+01	1.694140e-24
7.399203e+01	1.386943e-24
7.867199e+01	1.130371e-24
8.364795e+01	9.174821e-25
8.893864e+01	7.419067e-25
9.456397e+01	5.979125e-25
1.005451e+02	4.804249e-25
1.069045e+02	3.850143e-25
1.136662e+02	3.078619e-25
1.208555e+02	2.457119e-25
1.284996e+02	1.958164e-25
1.366271e+02	1.558772e-25
1.452687e+02	1.239879e-25
1.544569e+02	9.857916e-26
1.642262e+02	7.836795e-26
1.746134e+02	6.231149e-26
1.856576e+02	4.956702e-26
1.974004e+02	3.945661e-26
2.098858e+02	3.143728e-26
2.231610e+02	2.507564e-26
2.372758e+02	2.002684e-26
2.522834e+02	1.601716e-26
2.682402e+02	1.282977e-26
2.852063e+02	1.029317e-26
3.032454e+02	8.271824e-27
3.224256e+02	6.658737e-27
3.428188e+02	5.369423e-27
3.645019e+02	4.337182e-27
3.875565e+02	3.509329e-27
4.120692e+02	2.844220e-27
4.381324e+02	2.308904e-27
4.658441e+02	1.877282e-27
4.953085e+02	1.528650e-27
5.266365e+02	1.246560e-27
5.599460e+02	1.017923e-27
5.953623e+02	8.323046e-28
6.330187e+02	6.813713e-28
6.730568e+02	5.584549e-28
7.156273e+02	4.582095e-28
7.608904e+02	3.763410e-28
8.090163e+02	3.093933e-28
8.601862e+02	2.545799e-28
9.145925e+02	2.096497e-28
9.724401e+02	1.727808e-28
1.033946e+03	1.424963e-28
1.099343e+03	1.175970e-28
1.168876e+03	9.710720e-29
1.242807e+03	8.023237e-29
1.321414e+03	6.632422e-29
1.404992e+03	5.485316e-29
1.493857e+03	4.538603e-29
1.588343e+03	3.756807e-29
1.688805e+03	3.110843e-29
1.795621e+03	2.576837e-29
1.909193e+03	2.135178e-29
2.029949e+03	1.769736e-29
2.158342e+03	1.467237e-29
2.294856e+03	1.216748e-29
2.440005e+03	1.009255e-29
2.594334e+03	8.373235e-30
2.758424e+03	6.948179e-30
2.932893e+03	5.766700e-30
3.118397e+03	4.786924e-30
3.315634e+03	3.974229e-30
3.525346e+03	3.299981e-30
3.748323e+03	2.740486e-30
3.985402e+03	2.276129e-30
4.237477e+03	1.890670e-30
4.505495e+03	1.570653e-30
4.790466e+03	1.304929e-30
5.093460e+03	1.084260e-30
5.415619e+03	9.009818e-31
5.758154e+03	7.487429e-31
6.122355e+03	6.222729e-31
6.509591e+03	5.171998e-31
6.921319e+03	4.298957e-31
7.359089e+03	3.573495e-31
7.824548e+03	2.970618e-31
8.319447e+03	2.469577e-31
8.845647e+03	2.053141e-31
9.405130e+03	1.707002e-31
1.000000e+04	1.419276e-31
--------------------

REACTION
[e]+[He]->[e]+[He]
 2.307407e+01	0.
 1.	1.
EXCITATION
--------------------
2.307407e+01	0.000000e+00
2.453349e+01	1.900383e-23
2.608522e+01	1.790889e-23
2.773509e+01	1.791464e-23
2.948932e+01	1.855758e-23
3.135450e+01	1.950866e-23
3.333765e+01	2.054197e-23
3.544623e+01	2.150945e-23
3.768818e+01	2.232065e-23
4.007193e+01	2.292678e-23
4.260645e+01	2.330844e-23
4.530128e+01	2.346614e-23
4.816656e+01	2.341329e-23
5.121306e+01	2.317100e-23
5.445225e+01	2.276437e-23
5.789631e+01	2.221986e-23
6.155822e+01	2.156353e-23
6.545173e+01	2.081994e-23
6.959151e+01	2.001145e-23
7.399312e+01	1.915793e-23
7.867314e+01	1.827658e-23
8.364916e+01	1.738208e-23
8.893991e+01	1.648662e-23
9.456530e+01	1.560022e-23
1.005465e+02	1.473088e-23
1.069060e+02	1.388484e-23
1.136677e+02	1.306685e-23
1.208571e+02	1.228034e-23
1.285012e+02	1.152769e-23
1.366289e+02	1.081036e-23
1.452705e+02	1.012905e-23
1.544588e+02	9.483904e-24
1.642282e+02	8.874572e-24
1.746155e+02	8.300341e-24
1.856598e+02	7.760218e-24
1.974027e+02	7.253005e-24
2.098883e+02	6.777359e-24
2.231636e+02	6.331842e-24
2.372785e+02	5.914959e-24
2.522862e+02	5.525195e-24
2.682431e+02	5.161036e-24
2.852093e+02	4.820990e-24
3.032486e+02	4.503602e-24
3.224289e+02	4.207466e-24
3.428223e+02	3.931229e-24
3.645056e+02	3.673602e-24
3.875603e+02	3.433359e-24
4.120732e+02	3.209339e-24
4.381366e+02	3.000448e-24
4.658484e+02	2.805655e-24
4.953130e+02	2.623996e-24
5.266412e+02	2.454565e-24
5.599509e+02	2.296517e-24
5.953674e+02	2.149062e-24
6.330239e+02	2.011467e-24
6.730623e+02	1.883045e-24
7.156330e+02	1.763160e-24
7.608963e+02	1.651219e-24
8.090224e+02	1.546671e-24
8.601925e+02	1.449006e-24
9.145991e+02	1.357748e-24
9.724469e+02	1.272456e-24
1.033953e+03	1.192722e-24
1.099350e+03	1.118165e-24
1.168883e+03	1.048432e-24
1.242815e+03	9.831963e-25
1.321422e+03	9.221536e-25
1.405001e+03	8.650216e-25
1.493866e+03	8.115379e-25
1.588352e+03	7.614588e-25
1.688814e+03	7.145579e-25
1.795630e+03	6.706247e-25
1.909203e+03	6.294633e-25
2.029959e+03	5.908916e-25
2.158352e+03	5.547402e-25
2.294866e+03	5.208513e-25
2.440015e+03	4.890779e-25
2.594344e+03	4.592833e-25
2.758435e+03	4.313398e-25
2.932904e+03	4.051288e-25
3.118408e+03	3.805392e-25
3.315645e+03	3.574677e-25
3.525357e+03	3.358178e-25
3.748334e+03	3.154994e-25
3.985413e+03	2.964284e-25
4.237488e+03	2.785263e-25
4.505506e+03	2.617196e-25
4.790476e+03	2.459398e-25
5.093471e+03	2.311227e-25
5.415629e+03	2.172084e-25
5.758164e+03	2.041406e-25
6.122364e+03	1.918669e-25
6.509599e+03	1.803382e-25
6.921327e+03	1.695085e-25
7.359096e+03	1.593347e-25
7.824554e+03	1.497764e-25
8.319451e+03	1.407958e-25
8.845651e+03	1.323576e-25
9.405132e+03	1.244285e-25
1.000000e+04	1.169775e-25
--------------------

REACTION
[e]+[He]->[e]+[He]
 2.308702e+01	0.
 1.	1.
EXCITATION
--------------------
2.308702e+01	0.000000e+00
2.454712e+01	2.357284e-23
2.609956e+01	3.881952e-23
2.775018e+01	5.182190e-23
2.950519e+01	6.418760e-23
3.137120e+01	7.676594e-23
3.335521e+01	8.990976e-23
3.546471e+01	1.036605e-22
3.770761e+01	1.178773e-22
4.009237e+01	1.323246e-22
4.262794e+01	1.467308e-22
4.532387e+01	1.608253e-22
4.819030e+01	1.743613e-22
5.123801e+01	1.871275e-22
5.447847e+01	1.989537e-22
5.792387e+01	2.097113e-22
6.158717e+01	2.193113e-22
6.548214e+01	2.277003e-22
6.962345e+01	2.348560e-22
7.402666e+01	2.407825e-22
7.870835e+01	2.455053e-22
8.368613e+01	2.490671e-22
8.897871e+01	2.515234e-22
9.460602e+01	2.529394e-22
1.005892e+02	2.533866e-22
1.069508e+02	2.529405e-22
1.137147e+02	2.516785e-22
1.209064e+02	2.496779e-22
1.285529e+02	2.470149e-22
1.366830e+02	2.437632e-22
1.453273e+02	2.399937e-22
1.545183e+02	2.357735e-22
1.642906e+02	2.311658e-22
1.746808e+02	2.262294e-22
1.857282e+02	2.210190e-22
1.974743e+02	2.155849e-22
2.099632e+02	2.099730e-22
2.232420e+02	2.042253e-22
2.373605e+02	1.983797e-22
2.523720e+02	1.924702e-22
2.683328e+02	1.865275e-22
2.853031e+02	1.805787e-22
3.033466e+02	1.746479e-22
3.225312e+02	1.687563e-22
3.429291e+02	1.629225e-22
3.646171e+02	1.571626e-22
3.876767e+02	1.514905e-22
4.121946e+02	1.459180e-22
4.382631e+02	1.404550e-22
4.659803e+02	1.351100e-22
4.954505e+02	1.298897e-22
5.267844e+02	1.247995e-22
5.601000e+02	1.198439e-22
5.955225e+02	1.150259e-22
6.331853e+02	1.103477e-22
6.732300e+02	1.058108e-22
7.158073e+02	1.014157e-22
7.610773e+02	9.716249e-23
8.092104e+02	9.305045e-23
8.603875e+02	8.907851e-23
9.148012e+02	8.524513e-23
9.726562e+02	8.154838e-23
1.034170e+03	7.798605e-23
1.099575e+03	7.455564e-23
1.169115e+03	7.125442e-23
1.243054e+03	6.807950e-23
1.321669e+03	6.502782e-23
1.405255e+03	6.209623e-23
1.494128e+03	5.928147e-23
1.588622e+03	5.658022e-23
1.689092e+03	5.398912e-23
1.795915e+03	5.150479e-23
1.909495e+03	4.912385e-23
2.030258e+03	4.684291e-23
2.158658e+03	4.465862e-23
2.295178e+03	4.256766e-23
2.440333e+03	4.056673e-23
2.594668e+03	3.865262e-23
2.758763e+03	3.682214e-23
2.933236e+03	3.507217e-23
3.118744e+03	3.339969e-23
3.315983e+03	3.180169e-23
3.525697e+03	3.027530e-23
3.748674e+03	2.881768e-23
3.985752e+03	2.742608e-23
4.237824e+03	2.609785e-23
4.505838e+03	2.483038e-23
4.790802e+03	2.362118e-23
5.093788e+03	2.246783e-23
5.415936e+03	2.136796e-23
5.758458e+03	2.031932e-23
6.122641e+03	1.931972e-23
6.509857e+03	1.836705e-23
6.921562e+03	1.745928e-23
7.359304e+03	1.659443e-23
7.824731e+03	1.577064e-23
8.319593e+03	1.498607e-23
8.845751e+03	1.423899e-23
9.405185e+03	1.352772e-23
1.000000e+04	1.285064e-23
--------------------

REACTION
[e]+[He]->[e]+[He]
 2.359396e+01	0.
 1.	1.
EXCITATION
--------------------
2.359396e+01	0.000000e+00
2.508062e+01	2.423881e-23
2.666095e+01	2.353456e-23
2.834085e+01	2.250742e-23
3.012661e+01	2.112446e-23
3.202489e+01	1.951628e-23
3.404278e+01	1.780105e-23
3.618782e+01	1.606747e-23
3.846801e+01	1.437751e-23
4.089188e+01	1.277197e-23
4.346848e+01	1.127569e-23
4.620743e+01	9.901811e-24
4.911896e+01	8.655178e-24
5.221395e+01	7.534852e-24
5.550396e+01	6.536057e-24
5.900126e+01	5.651591e-24
6.271893e+01	4.872866e-24
6.667086e+01	4.190642e-24
7.087179e+01	3.595553e-24
7.533742e+01	3.078450e-24
8.008444e+01	2.630633e-24
8.513056e+01	2.243992e-24
9.049464e+01	1.911076e-24
9.619671e+01	1.625122e-24
1.022581e+02	1.380052e-24
1.087014e+02	1.170445e-24
1.155506e+02	9.915022e-25
1.228315e+02	8.389958e-25
1.305711e+02	7.092232e-25
1.387984e+02	5.989541e-25
1.475441e+02	5.053819e-25
1.568408e+02	4.260758e-25
1.667234e+02	3.589376e-25
1.772286e+02	3.021604e-25
1.883958e+02	2.541925e-25
2.002666e+02	2.137044e-25
2.128854e+02	1.795590e-25
2.262994e+02	1.507855e-25
2.405585e+02	1.265569e-25
2.557161e+02	1.061696e-25
2.718288e+02	8.902566e-26
2.889567e+02	7.461797e-26
3.071639e+02	6.251672e-26
3.265183e+02	5.235813e-26
3.470922e+02	4.383462e-26
3.689625e+02	3.668638e-26
3.922109e+02	3.069415e-26
4.169241e+02	2.567308e-26
4.431945e+02	2.146740e-26
4.711202e+02	1.794599e-26
5.008055e+02	1.499852e-26
5.323613e+02	1.253225e-26
5.659054e+02	1.046924e-26
6.015631e+02	8.744046e-27
6.394676e+02	7.301737e-27
6.797605e+02	6.096230e-27
7.225922e+02	5.088885e-27
7.681228e+02	4.247314e-27
8.165222e+02	3.544384e-27
8.679713e+02	2.957369e-27
9.226622e+02	2.467246e-27
9.807992e+02	2.058093e-27
1.042599e+03	1.716589e-27
1.108294e+03	1.431593e-27
1.178127e+03	1.193788e-27
1.252361e+03	9.953879e-28
1.331272e+03	8.298840e-28
1.415156e+03	6.918385e-28
1.504325e+03	5.767087e-28
1.599113e+03	4.807009e-28
1.699873e+03	4.006470e-28
1.806982e+03	3.339022e-28
1.920840e+03	2.782588e-28
2.041872e+03	2.318741e-28
2.170530e+03	1.932107e-28
2.307296e+03	1.609855e-28
2.452678e+03	1.341284e-28
2.607222e+03	1.117465e-28
2.771503e+03	9.309538e-29
2.946135e+03	7.755398e-29
3.131771e+03	6.460453e-29
3.329104e+03	5.381530e-29
3.538871e+03	4.482636e-29
3.761856e+03	3.733765e-29
3.998891e+03	3.109905e-29
4.250861e+03	2.590209e-29
4.518708e+03	2.157300e-29
4.803432e+03	1.796698e-29
5.106096e+03	1.496336e-29
5.427831e+03	1.246159e-29
5.769839e+03	1.037788e-29
6.133397e+03	8.642410e-30
6.519863e+03	7.197025e-30
6.930679e+03	5.993263e-30
7.367382e+03	4.990758e-30
7.831601e+03	4.155878e-30
8.325070e+03	3.460610e-30
8.849633e+03	2.881619e-30
9.407249e+03	2.399466e-30
1.000000e+04	1.997963e-30
--------------------

REACTION
[e]+[He]->[e]+[He]
 2.367357e+01	0.
 1.	1.
EXCITATION
--------------------
2.367357e+01	0.000000e+00
2.516439e+01	1.220028e-23
2.674909e+01	1.320723e-23
2.843358e+01	1.392128e-23
3.022415e+01	1.438940e-23
3.212748e+01	1.465254e-23
3.415068e+01	1.474635e-23
3.630128e+01	1.470187e-23
3.858731e+01	1.454600e-23
4.101730e+01	1.430204e-23
4.360032e+01	1.399011e-23
4.634600e+01	1.362748e-23
4.926458e+01	1.322893e-23
5.236697e+01	1.280701e-23
5.566472e+01	1.237224e-23
5.917014e+01	1.193338e-23
6.289631e+01	1.149755e-23
6.685714e+01	1.107043e-23
7.106739e+01	1.065638e-23
7.554278e+01	1.025857e-23
8.030000e+01	9.879110e-24
8.535680e+01	9.519186e-24
9.073205e+01	9.179157e-24
9.644579e+01	8.858696e-24
1.025194e+02	8.556907e-24
1.089754e+02	8.272454e-24
1.158380e+02	8.003684e-24
1.231328e+02	7.748750e-24
1.308869e+02	7.505716e-24
1.391294e+02	7.272661e-24
1.478909e+02	7.047761e-24
1.572041e+02	6.829357e-24
1.671039e+02	6.616003e-24
1.776271e+02	6.406496e-24
1.888129e+02	6.199887e-24
2.007032e+02	5.995480e-24
2.133423e+02	5.792818e-24
2.267773e+02	5.591659e-24
2.410583e+02	5.391943e-24
2.562387e+02	5.193765e-24
2.723750e+02	4.997335e-24
2.895275e+02	4.802952e-24
3.077602e+02	4.610970e-24
3.271411e+02	4.421775e-24
3.477424e+02	4.235762e-24
3.696411e+02	4.053316e-24
3.929188e+02	3.874803e-24
4.176624e+02	3.700555e-24
4.439643e+02	3.530867e-24
4.719224e+02	3.365989e-24
5.016412e+02	3.206128e-24
5.332315e+02	3.051449e-24
5.668111e+02	2.902070e-24
6.025054e+02	2.758070e-24
6.404475e+02	2.619492e-24
6.807790e+02	2.486342e-24
7.236502e+02	2.358596e-24
7.692213e+02	2.236204e-24
8.176621e+02	2.119091e-24
8.691535e+02	2.007163e-24
9.238874e+02	1.900307e-24
9.820682e+02	1.798398e-24
1.043913e+03	1.701299e-24
1.109652e+03	1.608865e-24
1.179531e+03	1.520943e-24
1.253811e+03	1.437375e-24
1.332768e+03	1.358002e-24
1.416698e+03	1.282663e-24
1.505913e+03	1.211194e-24
1.600746e+03	1.143436e-24
1.701551e+03	1.079229e-24
1.808704e+03	1.018417e-24
1.922605e+03	9.608444e-25
2.043679e+03	9.063627e-25
2.172377e+03	8.548255e-25
2.309181e+03	8.060913e-25
2.454599e+03	7.600231e-25
2.609174e+03	7.164885e-25
2.773484e+03	6.753603e-25
2.948141e+03	6.365158e-25
3.133797e+03	5.998375e-25
3.331144e+03	5.652127e-25
3.540919e+03	5.325337e-25
3.763904e+03	5.016974e-25
4.000932e+03	4.726055e-25
4.252886e+03	4.451642e-25
4.520707e+03	4.192841e-25
4.805393e+03	3.948802e-25
5.108008e+03	3.718717e-25
5.429679e+03	3.501818e-25
5.771606e+03	3.297374e-25
6.135067e+03	3.104694e-25
6.521416e+03	2.923121e-25
6.932094e+03	2.752033e-25
7.368635e+03	2.590839e-25
7.832667e+03	2.438982e-25
8.325920e+03	2.295934e-25
8.850235e+03	2.161193e-25
9.407569e+03	2.034287e-25
1.000000e+04	1.914769e-25
--------------------

REACTION
[e]+[He]->[e]+[He]
 2.370790e+01	0.
 1.	1.
EXCITATION
--------------------
2.370790e+01	0.000000e+00
2.520051e+01	1.580256e-23
2.678709e+01	1.904551e-23
2.847356e+01	2.081124e-23
3.026620e+01	2.149893e-23
3.217171e+01	2.141396e-23
3.419719e+01	2.078883e-23
3.635019e+01	1.979958e-23
3.863873e+01	1.857859e-23
4.107136e+01	1.722455e-23
4.365715e+01	1.581021e-23
4.640573e+01	1.438842e-23
4.932735e+01	1.299686e-23
5.243292e+01	1.166162e-23
5.573401e+01	1.040003e-23
5.924293e+01	9.222813e-24
6.297276e+01	8.135758e-24
6.693742e+01	7.140982e-24
7.115169e+01	6.237915e-24
7.563128e+01	5.424037e-24
8.039289e+01	4.695454e-24
8.545430e+01	4.047335e-24
9.083435e+01	3.474241e-24
9.655313e+01	2.970391e-24
1.026320e+02	2.529863e-24
1.090935e+02	2.146745e-24
1.159618e+02	1.815263e-24
1.232626e+02	1.529870e-24
1.310230e+02	1.285317e-24
1.392720e+02	1.076702e-24
1.480403e+02	8.995019e-25
1.573607e+02	7.495899e-25
1.672678e+02	6.232396e-25
1.777987e+02	5.171188e-25
1.889927e+02	4.282748e-25
2.008913e+02	3.541131e-25
2.135391e+02	2.923723e-25
2.269831e+02	2.410952e-25
2.412736e+02	1.985993e-25
2.564638e+02	1.634473e-25
2.726103e+02	1.344180e-25
2.897734e+02	1.104792e-25
3.080171e+02	9.076208e-26
3.274093e+02	7.453883e-26
3.480224e+02	6.120155e-26
3.699333e+02	5.024429e-26
3.932237e+02	4.124709e-26
4.179804e+02	3.386225e-26
4.442958e+02	2.780247e-26
4.722679e+02	2.283082e-26
5.020011e+02	1.875220e-26
5.336062e+02	1.540614e-26
5.672011e+02	1.266082e-26
6.029112e+02	1.040805e-26
6.408694e+02	8.559068e-27
6.812175e+02	7.041117e-27
7.241058e+02	5.794565e-27
7.696943e+02	4.770553e-27
8.181529e+02	3.929056e-27
8.696624e+02	3.237285e-27
9.244149e+02	2.668378e-27
9.826145e+02	2.200324e-27
1.044478e+03	1.815088e-27
1.110237e+03	1.497883e-27
1.180136e+03	1.236587e-27
1.254435e+03	1.021256e-27
1.333412e+03	8.437304e-28
1.417361e+03	6.973134e-28
1.506596e+03	5.765048e-28
1.601449e+03	4.767865e-28
1.702273e+03	3.944447e-28
1.809445e+03	3.264258e-28
1.923365e+03	2.702180e-28
2.044457e+03	2.237537e-28
2.173172e+03	1.853308e-28
2.309992e+03	1.535469e-28
2.455425e+03	1.272466e-28
2.610014e+03	1.054770e-28
2.774336e+03	8.745234e-29
2.949004e+03	7.252408e-29
3.134668e+03	6.015695e-29
3.332022e+03	4.990888e-29
3.541800e+03	4.141466e-29
3.764786e+03	3.437244e-29
4.001810e+03	2.853270e-29
4.253758e+03	2.368905e-29
4.521567e+03	1.967077e-29
4.806237e+03	1.633654e-29
5.108830e+03	1.356940e-29
5.430473e+03	1.127249e-29
5.772367e+03	9.365585e-30
6.135785e+03	7.782201e-30
6.522084e+03	6.467253e-30
6.932703e+03	5.375073e-30
7.369174e+03	4.467798e-30
7.833125e+03	3.714026e-30
8.326286e+03	3.087708e-30
8.850494e+03	2.567233e-30
9.407707e+03	2.134666e-30
1.000000e+04	1.775122e-30
--------------------

REACTION
[e]+[He]->[e]+[He]
 2.373609e+01	0.
 1.	1.
EXCITATION
--------------------
2.373609e+01	0.000000e+00
2.523017e+01	5.957477e-24
2.681830e+01	6.765491e-24
2.850639e+01	6.920208e-24
3.030074e+01	6.688884e-24
3.220804e+01	6.233963e-24
3.423539e+01	5.663120e-24
3.639036e+01	5.047547e-24
3.868097e+01	4.433095e-24
4.111576e+01	3.847969e-24
4.370382e+01	3.308200e-24
4.645478e+01	2.821565e-24
4.937890e+01	2.390383e-24
5.248708e+01	2.013500e-24
5.579091e+01	1.687665e-24
5.930270e+01	1.408490e-24
6.303554e+01	1.171087e-24
6.700335e+01	9.704902e-25
7.122091e+01	8.019178e-25
7.570395e+01	6.609255e-25
8.046918e+01	5.434853e-25
8.553435e+01	4.460149e-25
9.091836e+01	3.653748e-25
9.664127e+01	2.988451e-25
1.027244e+02	2.440922e-25
1.091904e+02	1.991299e-25
1.160635e+02	1.622788e-25
1.233692e+02	1.321273e-25
1.311347e+02	1.074944e-25
1.393891e+02	8.739674e-26
1.481630e+02	7.101819e-26
1.574892e+02	5.768392e-26
1.674024e+02	4.683746e-26
1.779397e+02	3.802111e-26
1.891402e+02	3.085930e-26
2.010457e+02	2.504444e-26
2.137007e+02	2.032510e-26
2.271522e+02	1.649604e-26
2.414504e+02	1.338998e-26
2.566486e+02	1.087074e-26
2.728035e+02	8.827546e-27
2.899753e+02	7.170424e-27
3.082279e+02	5.826304e-27
3.276295e+02	4.735906e-27
3.482523e+02	3.851153e-27
3.701732e+02	3.133077e-27
3.934740e+02	2.550097e-27
4.182414e+02	2.076632e-27
4.445679e+02	1.691957e-27
4.725514e+02	1.379288e-27
5.022965e+02	1.125028e-27
5.339138e+02	9.181643e-28
5.675213e+02	7.497752e-28
6.032442e+02	6.126306e-28
6.412158e+02	5.008708e-28
6.815774e+02	4.097448e-28
7.244797e+02	3.353993e-28
7.700825e+02	2.747081e-28
8.185557e+02	2.251334e-28
8.700802e+02	1.846142e-28
9.248479e+02	1.514763e-28
9.830629e+02	1.243582e-28
1.044942e+03	1.021530e-28
1.110717e+03	8.395942e-29
1.180631e+03	6.904380e-29
1.254947e+03	5.680825e-29
1.333940e+03	4.676531e-29
1.417906e+03	3.851731e-29
1.507157e+03	3.173960e-29
1.602026e+03	2.616700e-29
1.702866e+03	2.158276e-29
1.810054e+03	1.780959e-29
1.923989e+03	1.470239e-29
2.045095e+03	1.214233e-29
2.173825e+03	1.003206e-29
2.310657e+03	8.291734e-30
2.456103e+03	6.855843e-30
2.610704e+03	5.670617e-30
2.775036e+03	4.691884e-30
2.949712e+03	3.883340e-30
3.135383e+03	3.215131e-30
3.332742e+03	2.662692e-30
3.542523e+03	2.205802e-30
3.765509e+03	1.827804e-30
4.002531e+03	1.514973e-30
4.254473e+03	1.255992e-30
4.522273e+03	1.041527e-30
4.806930e+03	8.638744e-31
5.109505e+03	7.166758e-31
5.431125e+03	5.946785e-31
5.772990e+03	4.935425e-31
6.136374e+03	4.096809e-31
6.522632e+03	3.401272e-31
6.933203e+03	2.824281e-31
7.369617e+03	2.345533e-31
7.833501e+03	1.948223e-31
8.326585e+03	1.618437e-31
8.850707e+03	1.344653e-31
9.407820e+03	1.117322e-31
1.000000e+04	9.285332e-32
--------------------

REACTION
[e]+[He]->[e]+[He]
 2.373634e+01	0.
 1.	1.
EXCITATION
--------------------
2.373634e+01	0.000000e+00
2.523043e+01	8.586196e-24
2.681857e+01	9.486686e-24
2.850668e+01	1.043359e-23
3.030104e+01	1.132563e-23
3.220835e+01	1.210121e-23
3.423572e+01	1.272723e-23
3.639071e+01	1.319060e-23
3.868133e+01	1.349178e-23
4.111615e+01	1.363994e-23
4.370422e+01	1.364946e-23
4.645520e+01	1.353748e-23
4.937935e+01	1.332204e-23
5.248755e+01	1.302099e-23
5.579140e+01	1.265118e-23
5.930322e+01	1.222805e-23
6.303609e+01	1.176537e-23
6.700392e+01	1.127516e-23
7.122151e+01	1.076774e-23
7.570458e+01	1.025183e-23
8.046984e+01	9.734621e-24
8.553505e+01	9.221995e-24
9.091909e+01	8.718637e-24
9.664203e+01	8.228202e-24
1.027252e+02	7.753464e-24
1.091913e+02	7.296447e-24
1.160644e+02	6.858548e-24
1.233701e+02	6.440644e-24
1.311357e+02	6.043190e-24
1.393901e+02	5.666296e-24
1.481641e+02	5.309803e-24
1.574903e+02	4.973339e-24
1.674036e+02	4.656371e-24
1.779409e+02	4.358246e-24
1.891415e+02	4.078226e-24
2.010471e+02	3.815516e-24
2.137021e+02	3.569286e-24
2.271536e+02	3.338693e-24
2.414519e+02	3.122890e-24
2.566502e+02	2.921040e-24
2.728052e+02	2.732327e-24
2.899770e+02	2.555958e-24
3.082297e+02	2.391171e-24
3.276314e+02	2.237234e-24
3.482543e+02	2.093452e-24
3.701753e+02	1.959166e-24
3.934762e+02	1.833753e-24
4.182437e+02	1.716623e-24
4.445702e+02	1.607224e-24
4.725539e+02	1.505038e-24
5.022990e+02	1.409577e-24
5.339164e+02	1.320389e-24
5.675240e+02	1.237048e-24
6.032471e+02	1.159158e-24
6.412187e+02	1.086349e-24
6.815805e+02	1.018277e-24
7.244829e+02	9.546214e-25
7.700858e+02	8.950839e-25
8.185592e+02	8.393866e-25
8.700838e+02	7.872711e-25
9.248516e+02	7.384969e-25
9.830668e+02	6.928404e-25
1.044946e+03	6.500937e-25
1.110721e+03	6.100633e-25
1.180636e+03	5.725691e-25
1.254951e+03	5.374436e-25
1.333945e+03	5.045310e-25
1.417911e+03	4.736862e-25
1.507162e+03	4.447740e-25
1.602031e+03	4.176688e-25
1.702871e+03	3.922532e-25
1.810059e+03	3.684181e-25
1.923994e+03	3.460618e-25
2.045101e+03	3.250893e-25
2.173830e+03	3.054122e-25
2.310663e+03	2.869478e-25
2.456109e+03	2.696192e-25
2.610710e+03	2.533543e-25
2.775042e+03	2.380862e-25
2.949718e+03	2.237519e-25
3.135390e+03	2.102930e-25
3.332748e+03	1.976546e-25
3.542529e+03	1.857855e-25
3.765515e+03	1.746379e-25
4.002537e+03	1.641669e-25
4.254479e+03	1.543305e-25
4.522279e+03	1.450897e-25
4.806936e+03	1.364076e-25
5.109511e+03	1.282499e-25
5.431131e+03	1.205843e-25
5.772996e+03	1.133807e-25
6.136380e+03	1.066109e-25
6.522637e+03	1.002483e-25
6.933207e+03	9.426806e-26
7.369621e+03	8.864696e-26
7.833505e+03	8.336315e-26
8.326588e+03	7.839614e-26
8.850709e+03	7.372674e-26
9.407821e+03	6.933693e-26
1.000000e+04	6.520980e-26
--------------------

REACTION
[e]+[He]->[e]+[He]
 2.373701e+01	0.
 1.	1.
EXCITATION
--------------------
2.373701e+01	0.000000e+00
2.523114e+01	1.474721e-24
2.681931e+01	9.585352e-25
2.850746e+01	6.957166e-25
3.030187e+01	5.266565e-25
3.220922e+01	4.068502e-25
3.423663e+01	3.178094e-25
3.639166e+01	2.498893e-25
3.868234e+01	1.972818e-25
4.111721e+01	1.561474e-25
4.370534e+01	1.237889e-25
4.645637e+01	9.823299e-26
4.938058e+01	7.799715e-26
5.248884e+01	6.194660e-26
5.579276e+01	4.920198e-26
5.930464e+01	3.907585e-26
6.303758e+01	3.102755e-26
6.700549e+01	2.463004e-26
7.122316e+01	1.954505e-26
7.570631e+01	1.550402e-26
8.047166e+01	1.229350e-26
8.553696e+01	9.743672e-27
9.092109e+01	7.719348e-27
9.664413e+01	6.112898e-27
1.027274e+02	4.838625e-27
1.091936e+02	3.828302e-27
1.160668e+02	3.027628e-27
1.233726e+02	2.393393e-27
1.311384e+02	1.891233e-27
1.393929e+02	1.493827e-27
1.481670e+02	1.179464e-27
1.574934e+02	9.309013e-28
1.674068e+02	7.344513e-28
1.779443e+02	5.792531e-28
1.891450e+02	4.566944e-28
2.010507e+02	3.599488e-28
2.137059e+02	2.836085e-28
2.271577e+02	2.233918e-28
2.414561e+02	1.759098e-28
2.566546e+02	1.384821e-28
2.728098e+02	1.089891e-28
2.899818e+02	8.575588e-29
3.082348e+02	6.745920e-29
3.276366e+02	5.305422e-29
3.482598e+02	4.171621e-29
3.701810e+02	3.279448e-29
3.934821e+02	2.577578e-29
4.182499e+02	2.025549e-29
4.445767e+02	1.591466e-29
4.725607e+02	1.250200e-29
5.023061e+02	9.819587e-30
5.339238e+02	7.711556e-30
5.675317e+02	6.055212e-30
6.032550e+02	4.753992e-30
6.412270e+02	3.731921e-30
6.815891e+02	2.929236e-30
7.244918e+02	2.298937e-30
7.700951e+02	1.804069e-30
8.185688e+02	1.415583e-30
8.700938e+02	1.110646e-30
9.248619e+02	8.713186e-31
9.830775e+02	6.835041e-31
1.044957e+03	5.361302e-31
1.110732e+03	4.205003e-31
1.180648e+03	3.297853e-31
1.254964e+03	2.586228e-31
1.333957e+03	2.028030e-31
1.417924e+03	1.590215e-31
1.507175e+03	1.246846e-31
1.602044e+03	9.775665e-32
1.702885e+03	7.664043e-32
1.810074e+03	6.008261e-32
1.924009e+03	4.709992e-32
2.045116e+03	3.692098e-32
2.173846e+03	2.894069e-32
2.310679e+03	2.268445e-32
2.456125e+03	1.778002e-32
2.610726e+03	1.393547e-32
2.775059e+03	1.092188e-32
2.949735e+03	8.559738e-33
3.135407e+03	6.708282e-33
3.332765e+03	5.257155e-33
3.542547e+03	4.119832e-33
3.765533e+03	3.228480e-33
4.002555e+03	2.529922e-33
4.254496e+03	1.982473e-33
4.522296e+03	1.553456e-33
4.806952e+03	1.217258e-33
5.109527e+03	9.538032e-34
5.431146e+03	7.473568e-34
5.773011e+03	5.855858e-34
6.136394e+03	4.588247e-34
6.522650e+03	3.594986e-34
6.933219e+03	2.816710e-34
7.369631e+03	2.206896e-34
7.833514e+03	1.729086e-34
8.326595e+03	1.354711e-34
8.850714e+03	1.061384e-34
9.407823e+03	8.315613e-35
1.000000e+04	6.514966e-35
--------------------

REACTION
[e]+[He]->[e]+[He]
 2.373701e+01	0.
 1.	1.
EXCITATION
--------------------
2.373701e+01	0.000000e+00
2.523114e+01	1.570191e-24
2.681932e+01	1.403157e-24
2.850746e+01	1.254273e-24
3.030187e+01	1.121516e-24
3.220922e+01	1.003094e-24
3.423664e+01	8.974147e-25
3.639167e+01	8.030686e-25
3.868235e+01	7.188043e-25
4.111721e+01	6.435117e-25
4.370534e+01	5.762064e-25
4.645638e+01	5.160150e-25
4.938058e+01	4.621623e-25
5.248885e+01	4.139609e-25
5.579277e+01	3.708006e-25
5.930465e+01	3.321400e-25
6.303759e+01	2.974985e-25
6.700550e+01	2.664498e-25
7.122317e+01	2.386152e-25
7.570632e+01	2.136585e-25
8.047166e+01	1.912810e-25
8.553696e+01	1.712174e-25
9.092110e+01	1.532316e-25
9.664414e+01	1.371132e-25
1.027274e+02	1.226750e-25
1.091936e+02	1.097493e-25
1.160668e+02	9.818637e-26
1.233727e+02	8.785163e-26
1.311384e+02	7.862401e-26
1.393929e+02	7.039416e-26
1.481670e+02	6.306306e-26
1.574934e+02	5.654071e-26
1.674068e+02	5.074515e-26
1.779443e+02	4.560151e-26
1.891450e+02	4.104139e-26
2.010508e+02	3.700222e-26
2.137059e+02	3.342685e-26
2.271577e+02	3.026315e-26
2.414561e+02	2.746374e-26
2.566546e+02	2.498567e-26
2.728098e+02	2.279023e-26
2.899818e+02	2.084269e-26
3.082348e+02	1.911205e-26
3.276367e+02	1.757080e-26
3.482598e+02	1.619469e-26
3.701811e+02	1.496244e-26
3.934821e+02	1.385544e-26
4.182499e+02	1.285757e-26
4.445767e+02	1.195487e-26
4.725607e+02	1.113530e-26
5.023061e+02	1.038852e-26
5.339238e+02	9.705674e-27
5.675317e+02	9.079176e-27
6.032551e+02	8.502538e-27
6.412270e+02	7.970210e-27
6.815892e+02	7.477440e-27
7.244919e+02	7.020153e-27
7.700951e+02	6.594841e-27
8.185689e+02	6.198483e-27
8.700938e+02	5.828456e-27
9.248620e+02	5.482482e-27
9.830775e+02	5.158566e-27
1.044957e+03	4.854955e-27
1.110732e+03	4.570097e-27
1.180648e+03	4.302613e-27
1.254964e+03	4.051268e-27
1.333958e+03	3.814950e-27
1.417924e+03	3.592655e-27
1.507175e+03	3.383469e-27
1.602044e+03	3.186554e-27
1.702885e+03	3.001144e-27
1.810074e+03	2.826531e-27
1.924009e+03	2.662062e-27
2.045116e+03	2.507128e-27
2.173846e+03	2.361164e-27
2.310679e+03	2.223645e-27
2.456125e+03	2.094075e-27
2.610726e+03	1.971995e-27
2.775059e+03	1.856970e-27
2.949735e+03	1.748595e-27
3.135407e+03	1.646486e-27
3.332765e+03	1.550286e-27
3.542547e+03	1.459654e-27
3.765533e+03	1.374272e-27
4.002555e+03	1.293840e-27
4.254496e+03	1.218074e-27
4.522296e+03	1.146706e-27
4.806952e+03	1.079485e-27
5.109527e+03	1.016172e-27
5.431146e+03	9.565444e-28
5.773011e+03	9.003890e-28
6.136394e+03	8.475065e-28
6.522650e+03	7.977085e-28
6.933219e+03	7.508173e-28
7.369631e+03	7.066650e-28
7.833514e+03	6.650935e-28
8.326595e+03	6.259535e-28
8.850714e+03	5.891042e-28
9.407823e+03	5.544130e-28
1.000000e+04	5.217546e-28
--------------------

REACTION
[e]+[He]->[e]+[He]
 2.374207e+01	0.
 1.	1.
EXCITATION
--------------------
2.374207e+01	0.000000e+00
2.523646e+01	1.207147e-23
2.682492e+01	1.902852e-23
2.851336e+01	2.418952e-23
3.030807e+01	2.891172e-23
3.221574e+01	3.387416e-23
3.424349e+01	3.933771e-23
3.639888e+01	4.531855e-23
3.868993e+01	5.170160e-23
4.112518e+01	5.831283e-23
4.371372e+01	6.496355e-23
4.646518e+01	7.147603e-23
4.938983e+01	7.769698e-23
5.249857e+01	8.350307e-23
5.580298e+01	8.880186e-23
5.931538e+01	9.352986e-23
6.304885e+01	9.764914e-23
6.701733e+01	1.011434e-22
7.123559e+01	1.040140e-22
7.571936e+01	1.062761e-22
8.048535e+01	1.079553e-22
8.555133e+01	1.090847e-22
9.093617e+01	1.097025e-22
9.665996e+01	1.098500e-22
1.027440e+02	1.095697e-22
1.092110e+02	1.089044e-22
1.160851e+02	1.078963e-22
1.233918e+02	1.065858e-22
1.311584e+02	1.050115e-22
1.394139e+02	1.032095e-22
1.481890e+02	1.012137e-22
1.575164e+02	9.905516e-23
1.674310e+02	9.676228e-23
1.779696e+02	9.436098e-23
1.891715e+02	9.187467e-23
2.010785e+02	8.932436e-23
2.137349e+02	8.672883e-23
2.271880e+02	8.410476e-23
2.414879e+02	8.146689e-23
2.566878e+02	7.882815e-23
2.728444e+02	7.619987e-23
2.900181e+02	7.359185e-23
3.082726e+02	7.101255e-23
3.276762e+02	6.846920e-23
3.483010e+02	6.596794e-23
3.702241e+02	6.351391e-23
3.935271e+02	6.111138e-23
4.182968e+02	5.876380e-23
4.446256e+02	5.647397e-23
4.726116e+02	5.424404e-23
5.023591e+02	5.207561e-23
5.339790e+02	4.996983e-23
5.675891e+02	4.792739e-23
6.033148e+02	4.594864e-23
6.412892e+02	4.403361e-23
6.816537e+02	4.218204e-23
7.245590e+02	4.039344e-23
7.701648e+02	3.866710e-23
8.186411e+02	3.700217e-23
8.701687e+02	3.539763e-23
9.249396e+02	3.385234e-23
9.831579e+02	3.236507e-23
1.045041e+03	3.093448e-23
1.110819e+03	2.955921e-23
1.180737e+03	2.823780e-23
1.255056e+03	2.696879e-23
1.334052e+03	2.575068e-23
1.418021e+03	2.458195e-23
1.507276e+03	2.346108e-23
1.602148e+03	2.238655e-23
1.702992e+03	2.135682e-23
1.810183e+03	2.037041e-23
1.924121e+03	1.942581e-23
2.045230e+03	1.852156e-23
2.173963e+03	1.765620e-23
2.310799e+03	1.682833e-23
2.456247e+03	1.603655e-23
2.610850e+03	1.527949e-23
2.775184e+03	1.455584e-23
2.949862e+03	1.386429e-23
3.135535e+03	1.320360e-23
3.332894e+03	1.257253e-23
3.542676e+03	1.196990e-23
3.765662e+03	1.139455e-23
4.002684e+03	1.084538e-23
4.254624e+03	1.032129e-23
4.522422e+03	9.821256e-24
4.807077e+03	9.344254e-24
5.109648e+03	8.889316e-24
5.431263e+03	8.455500e-24
5.773123e+03	8.041901e-24
6.136499e+03	7.647645e-24
6.522748e+03	7.271893e-24
6.933308e+03	6.913834e-24
7.369711e+03	6.572691e-24
7.833581e+03	6.247716e-24
8.326649e+03	5.938189e-24
8.850752e+03	5.643420e-24
9.407844e+03	5.362747e-24
1.000000e+04	5.095532e-24
--------------------

REACTION
[e]+[He]->[e]+[He+]
 2.458740e+01	0.
 1.	1.
IONIZATION
--------------------
2.458740e+01	0.000000e+00
2.612577e+01	1.788506e-22
2.776038e+01	3.953059e-22
2.949728e+01	6.155793e-22
3.134284e+01	8.267183e-22
3.330388e+01	1.026419e-21
3.538761e+01	1.217012e-21
3.760172e+01	1.402113e-21
3.995435e+01	1.584917e-21
4.245419e+01	1.767484e-21
4.511043e+01	1.950591e-21
4.793287e+01	2.133865e-21
5.093190e+01	2.316051e-21
5.411857e+01	2.495306e-21
5.750462e+01	2.669478e-21
6.110253e+01	2.836334e-21
6.492555e+01	2.993737e-21
6.898776e+01	3.139777e-21
7.330414e+01	3.272844e-21
7.789058e+01	3.391675e-21
8.276398e+01	3.495366e-21
8.794230e+01	3.583361e-21
9.344461e+01	3.655430e-21
9.929118e+01	3.711633e-21
1.055036e+02	3.752283e-21
1.121046e+02	3.777902e-21
1.191187e+02	3.789183e-21
1.265716e+02	3.786952e-21
1.344909e+02	3.772128e-21
1.429056e+02	3.745696e-21
1.518468e+02	3.708678e-21
1.613475e+02	3.662109e-21
1.714426e+02	3.607018e-21
1.821693e+02	3.544412e-21
1.935671e+02	3.475265e-21
2.056781e+02	3.400505e-21
2.185468e+02	3.321010e-21
2.322206e+02	3.237605e-21
2.467501e+02	3.151052e-21
2.621885e+02	3.062056e-21
2.785930e+02	2.971263e-21
2.960238e+02	2.879257e-21
3.145452e+02	2.786568e-21
3.342254e+02	2.693669e-21
3.551370e+02	2.600981e-21
3.773569e+02	2.508877e-21
4.009671e+02	2.417683e-21
4.260545e+02	2.327682e-21
4.527116e+02	2.239119e-21
4.810366e+02	2.152200e-21
5.111337e+02	2.067101e-21
5.431140e+02	1.983965e-21
5.770951e+02	1.902911e-21
6.132024e+02	1.824031e-21
6.515688e+02	1.747395e-21
6.923357e+02	1.673056e-21
7.356532e+02	1.601048e-21
7.816811e+02	1.531389e-21
8.305887e+02	1.464086e-21
8.825564e+02	1.399131e-21
9.377756e+02	1.336508e-21
9.964496e+02	1.276193e-21
1.058795e+03	1.218153e-21
1.125041e+03	1.162349e-21
1.195431e+03	1.108738e-21
1.270226e+03	1.057270e-21
1.349701e+03	1.007894e-21
1.434148e+03	9.605556e-22
1.523879e+03	9.151975e-22
1.619224e+03	8.717614e-22
1.720534e+03	8.301878e-22
1.828183e+03	7.904166e-22
1.942568e+03	7.523872e-22
2.064109e+03	7.160394e-22
2.193255e+03	6.813131e-22
2.330481e+03	6.481489e-22
2.476292e+03	6.164882e-22
2.631227e+03	5.862732e-22
2.795856e+03	5.574474e-22
2.970785e+03	5.299555e-22
3.156659e+03	5.037433e-22
3.354163e+03	4.787584e-22
3.564023e+03	4.549494e-22
3.787015e+03	4.322669e-22
4.023958e+03	4.106625e-22
4.275726e+03	3.900898e-22
4.543247e+03	3.705036e-22
4.827505e+03	3.518606e-22
5.129549e+03	3.341188e-22
5.450491e+03	3.172377e-22
5.791513e+03	3.011786e-22
6.153872e+03	2.859039e-22
6.538904e+03	2.713778e-22
6.948025e+03	2.575657e-22
7.382744e+03	2.444346e-22
7.844662e+03	2.319526e-22
8.335481e+03	2.200893e-22
8.857010e+03	2.088156e-22
9.411169e+03	1.981035e-22
1.000000e+04	1.879263e-22
--------------------

REACTION
[He2+]+[He]->[He]+[He2+]
 0.    0.  
 4.    1.e-4
CHARGEEXCHANGE
COMMENT: REDBOOKS Vol 1 p. A-104
Energy (eV/amu) | Cross section (cm2)
-----------------------------
0.      4.62e-16
7.      4.62e-16
10.     4.48e-16
20.     4.10e-16
40.     3.83e-16
70.     3.58e-16
100.    3.44e-16
200.    3.19e-16    
400.    2.88e-16
700.    2.62e-16
1000.   2.44e-16
2000.   2.10e-16
4000.   1.73e-16
7000.   1.46e-16
10000.  1.29e-16
20000.  9.68e-17
40000.  6.08e-17
-----------------------------


ENDFILE
